
0 3 8 1 0 0 0 0 0 0 0 
0 4 9 0 0 0 0 0 0 0 0 
0 0 5 54 0 0 0 0 0 0 0 
0 0 0 0 0 0 0 0 0 0 0 
0 0 0 0 0 0 0 0 0 0 0 
0 0 0 0 0 0 0 0 0 0 0 
0 0 0 0 0 0 0 0 0 0 0 
0 0 0 0 0 0 0 0 0 0 0 
0 0 0 0 0 0 0 0 0 0 0 
0 0 0 0 0 0 0 0 0 0 0 
0 0 0 0 0 0 0 0 0 0 0 
11 11 7 
0 1 3 
0 2 8 
0 3 1 
1 1 4 
1 2 9 
2 2 5 
2 3 54 
0 3 8 1 0 0 0 0 0 0 0 
0 4 9 0 0 0 0 0 0 0 0 
0 0 5 54 0 0 0 0 0 0 0 
0 0 0 0 0 0 0 0 0 0 0 
0 0 0 0 0 0 0 0 0 0 0 
0 0 0 0 0 0 0 0 0 0 0 
0 0 0 0 0 0 0 0 0 0 0 
0 0 0 0 0 0 0 0 0 0 0 
0 0 0 0 0 0 0 0 0 0 0 
0 0 0 0 0 0 0 0 0 0 0 
0 0 0 0 0 0 0 0 0 0 0 
11 11 7 
0 1 3 
0 2 8 
0 3 1 
1 1 4 
1 2 9 
2 2 5 
2 3 54 